15.000000 5.000000
10.000000 5.000000
15.000000 10.000000
15.000000 5.000000
15.000000 5.000000


15.000000 5.000000
10.000000 5.000000
14.375000 7.500000
15.000000 5.000000
12.187500 6.250000


9.453125 4.687500
10.000000 5.000000
11.718750 3.125000
15.000000 5.000000
12.187500 6.250000


9.453125 4.687500
10.000000 5.000000
7.441406 7.109375
6.679688 4.531250
12.187500 6.250000


4.907227 5.839844
10.000000 5.000000
7.441406 7.109375
6.679688 4.531250
4.599609 4.414062


4.907227 5.839844
7.967834 5.501709
7.441406 7.109375
6.794434 6.650391
4.599609 4.414062


4.907227 5.839844
4.448032 6.970444
7.441406 7.109375
6.794434 6.650391
5.688667 5.344696


4.907227 5.839844
4.448032 6.970444
6.450498 6.655359
3.952779 5.754781
5.688667 5.344696


4.907227 5.839844
4.448032 6.970444
6.450498 6.655359
4.475935 6.218786
4.190601 7.265518


4.875307 7.715210
5.548139 6.956993
6.450498 6.655359
4.475935 6.218786
4.190601 7.265518


4.915925 7.268672
5.548139 6.956993
5.611497 6.847243
4.475935 6.218786
4.190601 7.265518


4.915925 7.268672
5.548139 6.956993
5.611497 6.847243
4.830442 6.624034
4.664238 7.044221


4.915925 7.268672
5.276833 6.951518
4.232224 7.096979
4.830442 6.624034
4.664238 7.044221


4.585946 6.589704
5.276833 6.951518
4.232224 7.096979
4.830442 6.624034
4.798487 6.586895


4.585946 6.589704
4.944304 6.837960
4.232224 7.096979
4.259838 7.085588
4.798487 6.586895


4.531484 7.214006
4.944304 6.837960
4.232224 7.096979
4.259838 7.085588
4.185441 7.530371


4.531484 7.214006
4.944304 6.837960
4.728313 7.236981
4.259838 7.085588
4.400714 7.312002


4.531484 7.214006
4.015873 7.586327
4.088812 7.330729
4.259838 7.085588
4.400714 7.312002


3.674428 7.435473
4.015873 7.586327
4.088812 7.330729
4.259838 7.085588
4.047293 7.296321


3.674428 7.435473
4.015873 7.586327
3.909908 7.371122
3.563917 7.759031
4.047293 7.296321


3.674428 7.435473
3.902098 7.535166
3.867644 7.445205
3.563917 7.759031
4.047293 7.296321


3.779143 7.451514
3.902098 7.535166
3.867644 7.445205
3.718392 7.593535
4.047293 7.296321


3.779143 7.451514
3.902098 7.535166
3.798204 7.545568
3.718392 7.593535
3.932057 7.401337


3.779143 7.451514
3.711804 7.460808
3.791778 7.511183
3.718392 7.593535
3.932057 7.401337


3.779143 7.451514
3.711804 7.460808
3.791778 7.511183
3.749684 7.531304
3.841169 7.452798


3.787737 7.533003
3.751125 7.473753
3.791778 7.511183
3.749684 7.531304
3.841169 7.452798


3.787737 7.533003
3.771859 7.490412
3.789696 7.506531
3.749684 7.531304
3.841169 7.452798


3.787737 7.533003
3.771859 7.490412
3.789696 7.506531
3.828943 7.475695
3.807957 7.484055


3.793676 7.511087
3.771859 7.490412
3.811525 7.474092
3.828943 7.475695
3.807957 7.484055


3.793676 7.511087
3.822600 7.488380
3.811525 7.474092
3.828943 7.475695
3.788593 7.495353


3.793676 7.511087
3.822600 7.488380
3.805384 7.511167
3.776186 7.527301
3.788593 7.495353


3.807223 7.494478
3.822600 7.488380
3.785189 7.481803
3.776186 7.527301
3.788593 7.495353


3.807223 7.494478
3.722699 7.522442
3.785189 7.481803
3.775669 7.469738
3.788593 7.495353


3.705011 7.485333
3.722699 7.522442
3.785189 7.481803
3.775669 7.469738
3.740905 7.485641


3.705011 7.485333
3.731575 7.447802
3.686956 7.499775
3.775669 7.469738
3.740905 7.485641


3.705011 7.485333
3.731575 7.447802
3.730070 7.454382
3.656557 7.489538
3.740905 7.485641


3.724545 7.453346
3.675914 7.516577
3.730070 7.454382
3.656557 7.489538
3.740905 7.485641


3.724545 7.453346
3.675914 7.516577
3.730070 7.454382
3.735030 7.458255
3.652641 7.471281


3.672284 7.496901
3.675914 7.516577
3.637866 7.517123
3.735030 7.458255
3.652641 7.471281


3.672284 7.496901
3.700632 7.481133
3.637866 7.517123
3.735030 7.458255
3.707908 7.523145


3.718435 7.492927
3.700632 7.481133
3.637866 7.517123
3.735030 7.458255
3.688076 7.451572


3.718435 7.492927
3.679451 7.490839
3.637866 7.517123
3.588698 7.540557
3.688076 7.451572


3.570621 7.521814
3.679451 7.490839
3.637866 7.517123
3.588698 7.540557
3.672094 7.480967


3.570621 7.521814
3.539966 7.526521
3.607417 7.491384
3.588698 7.540557
3.672094 7.480967


3.521764 7.544596
3.539966 7.526521
3.607417 7.491384
3.588698 7.540557
3.481257 7.559171


3.521764 7.544596
3.539966 7.526521
3.607417 7.491384
3.486505 7.520279
3.596569 7.482218


3.521764 7.544596
3.566162 7.492716
3.478083 7.528519
3.486505 7.520279
3.596569 7.482218


3.582501 7.461068
3.566162 7.492716
3.478083 7.528519
3.567714 7.507877
3.596569 7.482218


3.582501 7.461068
3.566162 7.492716
3.516172 7.511076
3.567714 7.507877
3.500663 7.512872


3.560090 7.483602
3.566162 7.492716
3.516172 7.511076
3.503830 7.492256
3.500663 7.512872


3.471832 7.522667
3.543175 7.496334
3.516172 7.511076
3.503830 7.492256
3.500663 7.512872


3.471832 7.522667
3.543175 7.496334
3.493581 7.500989
3.503830 7.492256
3.505549 7.493252


3.491684 7.509188
3.543175 7.496334
3.493581 7.500989
3.503830 7.492256
3.510589 7.506132


3.491684 7.509188
3.521549 7.499238
3.493581 7.500989
3.503830 7.492256
3.506625 7.503275


3.497627 7.504200
3.510240 7.500332
3.493581 7.500989
3.503830 7.492256
3.506625 7.503275


3.497627 7.504200
3.510240 7.500332
3.493581 7.500989
3.502925 7.497228
3.503860 7.501981


3.497627 7.504200
3.491279 7.501854
3.498622 7.500962
3.502925 7.497228
3.503860 7.501981


3.500718 7.496813
3.491279 7.501854
3.498622 7.500962
3.502925 7.497228
3.501123 7.500598


3.500718 7.496813
3.496063 7.500378
3.498622 7.500962
3.501029 7.498458
3.501123 7.500598


3.499964 7.498457
3.496063 7.500378
3.499084 7.500218
3.501029 7.498458
3.501123 7.500598


3.499964 7.498457
3.498182 7.499906
3.499084 7.500218
3.498870 7.500465
3.501123 7.500598


3.499509 7.499325
3.498182 7.499906
3.499084 7.500218
3.498870 7.500465
3.500075 7.500180


3.499509 7.499325
3.498784 7.499977
3.499084 7.500218
3.499857 7.499389
3.500075 7.500180


3.499509 7.499325
3.498784 7.499977
3.499320 7.499969
3.499640 7.499627
3.500075 7.500180


3.499402 7.500555
3.498784 7.499977
3.499320 7.499969
3.499640 7.499627
3.499681 7.500107


3.499561 7.500260
3.500239 7.500154
3.499320 7.499969
3.499640 7.499627
3.499681 7.500107


3.499561 7.500260
3.500239 7.500154
3.499555 7.500035
3.499671 7.499876
3.499681 7.500107


3.500032 7.499823
3.500239 7.500154
3.499555 7.500035
3.499671 7.499876
3.499719 7.500095


3.500032 7.499823
3.499992 7.500056
3.499555 7.500035
3.499981 7.500131
3.499719 7.500095


3.500017 7.499949
3.499992 7.500056
3.500310 7.500019
3.499981 7.500131
3.499719 7.500095


3.500017 7.499949
3.500113 7.500031
3.500310 7.500019
3.499981 7.500131
3.499898 7.500068


3.500017 7.499949
3.500113 7.500031
3.499697 7.500072
3.499884 7.499931
3.499898 7.500068


3.500017 7.499949
3.500047 7.500004
3.500120 7.499958
3.499884 7.499931
3.499898 7.500068


3.500011 7.499974
3.500047 7.500004
3.500120 7.499958
3.499953 7.499964
3.499898 7.500068


3.500011 7.499974
3.500047 7.500004
3.499933 7.500009
3.499953 7.499964
3.499966 7.500021


3.500000 7.499995
3.500047 7.500004
3.499933 7.500009
3.500009 7.500023
3.499966 7.500021


3.500000 7.499995
3.500015 7.500009
3.499933 7.500009
3.500009 7.500023
3.499982 7.500016


3.500000 7.499995
3.500015 7.500009
3.499968 7.500010
3.499976 7.499995
3.499982 7.500016


3.499995 7.500000
3.500015 7.500009
3.499968 7.500010
3.499976 7.499995
3.499999 7.499993


3.499995 7.500000
3.500001 7.500006
3.499968 7.500010
3.499985 7.500000
3.499999 7.499993


3.499995 7.500000
3.500001 7.500006
3.499981 7.500007
3.499985 7.500000
3.499994 7.500000


3.499995 7.500000
3.499995 7.500005
3.499981 7.500007
3.499985 7.500000
3.499993 7.500002


3.499993 7.500003
3.499995 7.500005
3.499987 7.500005
3.499985 7.500000
3.499993 7.500002


3.499993 7.500003
3.499994 7.500004
3.499990 7.500004
3.499991 7.500003
3.499993 7.500002


3.499993 7.500003
3.499992 7.500004
3.499995 7.500004
3.499991 7.500003
3.499993 7.500002


3.499993 7.500003
3.499993 7.500004
3.499995 7.500004
3.499991 7.500003
3.499993 7.500003


3.499993 7.500003
3.499993 7.500003
3.499994 7.500003
3.499992 7.500003
3.499993 7.500003


3.499993 7.500003
3.499993 7.500003
3.499994 7.500003
3.499993 7.500003
3.499993 7.500003


3.499993 7.500003
3.499993 7.500003
3.499993 7.500003
3.499993 7.500003
3.499993 7.500003


3.499993 7.500003
3.499993 7.500003
3.499993 7.500003
3.499993 7.500003
3.499993 7.500003


3.499993 7.500003
3.499993 7.500003
3.499993 7.500003
3.499993 7.500003
3.499993 7.500003


